app-search-bar {
  width: 100%;
  height: 6.060606rem;
  padding-left: 14.646465rem;
}
